
 &2016-11-19 15:15:33.387124
 &2016-11-19 15:16:35.076587
 &2016-11-19 15:19:30.888385
 &2016-11-19 16:35:35.806671
 &2016-11-19 16:36:05.757515
 &2016-11-19 16:36:48.793255



189;189;189;189;189;189;189;189;189;189;189;189;189;189;189;189;189;189;189;189;188;189;189;189;189;189;189;189;189;189;189;189;189;189;189;189;189;189;189;189;189;189;189;189;189;189;189;189;189;189;189;189;189;189;189;189;189;189;189;189;189;189;189;189;189;189;189;189;189;189;189;189;189;189;189;189;189;189;189;189;189;189;189;189;189;189;189;189;189;189;189;189;189;189;189;189;189;189;189;189;189;189;189;189;189;189;189;189;189;189;189;189;189;189;189;189;189;189;189;189;189;189;189;189;189;189;189;189;189;189;189;189;189;189;189;189;189;189;189;189;189;189;189;189;189;189;189;189;189;189;189;189;189;189;189;189;189;189;189;189;189;189;189;189;189;189;189;189;189;189;189;189;189;189;189;189;189;189;189;189;189;189;189;189;189;189;189;189;189;189;189;189;188;189;189;189;189;189;189;189;189;189;189;189;189;189;189;189;189;189;189;189;189;189;189;189;189;189;189;189;189;189;189;189;189;189;189;189;189;189;189;189;189;189;189;189;189;189;189;189;189;189;189;189;189;189;189;189;189;189;189;189;189;189;189;189;189;189;189;189;189;189;189;189;189;189;189;189;189;189;189;189;189;189;189;189;189;189;189;189;189;189;189;189;189;189;189;189;189;189;189;189;189;189;189;189;189;189;189;189;189;189;189;189;189;189;189;189;189;189;189;189;189;189;189;189;189;189;189;189;189;189;189;189;189;189;189;189;189;189;189;189;189;189;189;189;189;189;189;189;189;189;189;189;189;189;189;189;189;189;189;189;189;189;189;189;189;189;189;189;189;189;189;189;189;189;189;189;189;189;189;189;189;189;189;189;189;189;189;189;189;189;189;189;189;189;189;189;189;189;189;189;189;189;189;189;189;189;189;189;189;189;189;189;189;189;189;189;189;189;189;189;189;189;189;189;189;189;189;189;189;189;189;189;189;189;189;189;189;189;189;189;189;189;189;189;189;189;189;189;189;189;189;189;189;189;189;189;189;189;189;189;189;189;189;189;189;189;189;189;189;189;189;189;189;189;189;189;189;189;189;189;189;189;189;189;189;189;189;189;189;189;189;189;189;189;189;189;189;189;189;189;189;189;189;189;189;189;189;189;189;189;189;189;189;189;189;189;189;189;189;189;189;189;189;189;189;189;189;189;189;189;189;189;189;189;189;189;189;189;189;189;189;189;189;189;189;189;189;189;189;189;189;189;189;189;189;189;189;189;189;189;189;189;189;189;189;189;189;189;189;189;189;189;189;189;189;189;189;189;189;189;189;189;189;189;189;189;189;189;189;189;189;189;189;189;189;188;189;189;189;189;189;189;189;189;189;189;189;189;189;189;189;189;189;189;189;189;189;189;189;189;189;189;189;189;189;189;189;189;189;189;189;189;189;189;189;189;189;189;189;189;189;189;189;189;189;189;189;189;189;189;189;189;189;189;189;189;189;189;189;189;189;189;189;189;189;189;189;189;189;189;189;189;189;189;189;189;189;189;189;189;189;189;189;189;189;189;189;189;189;189;189;189;189;189;189;189;189;189;189;189;189;189;189;189;189;189;189;189;189;189;189;189;189;189;189;189;189;189;189;189;189;189;189;189;189;189;189;189;189;189;189;189;189;189;189;189;189;189;189;189;189;189;189;189;189;189;189;189;189;189;189;189;189;189;189;189;189;189;189;189;189;189;189;189;189;189;189;189;189;189;189;189;189;189;189;189;189;189;189;189;189;189;189;189;189;189;189;189;189;189;189;189;189;189;189;189;189;189;189;189;189;189;189;189;189;189;189;189;189;189;189;189;189;189;189;189;189;189;189;189;189;189;189;189;189;189;189;189;189;189;189;189;189;189;189;189;189;189;189;189;189;189;189;189;189;189;189;189;189;189;189;189;189;189;189;189;189;189;189;189;189;189;189;189;189;189;189;189;189;189;189;189;189;189;189;189;189;189;189;189;189;189;189;189;189;189;189;189;189;189;189;189;189;189;189;189;189;189;189;189;189;189;189;189;189;189;189;189;189;189;189;189;189;189;189;189;189;189;189;189;189;189;189;189;189;189;189;189;189;189;189;189;189;189;189;189;189;189;189;189;189;189;189;189;189;189;189;189;189;189;189;189;189;189;189;189;189;189;189;189;189;189;189;189;189;189;189;189;189;189;189;189;189;189;189;189;189;189;189;189;189;189;189;189;189;189;189;189;189;189;189;189;189;189;189;189;189;189;189;189;189;189;189;189;189;189;189;189;&



189;189;189;189;189;189;189;189;189;189;189;189;189;189;189;189;189;189;189;189;189;189;189;189;189;189;189;189;189;189;189;189;189;189;189;189;189;189;189;189;189;189;189;189;189;189;189;189;189;189;189;189;189;189;189;189;189;189;189;189;189;189;189;189;189;189;189;189;189;189;189;189;189;189;189;189;189;189;189;189;189;189;189;189;189;189;189;189;189;189;189;189;189;189;189;189;189;189;189;189;189;189;189;189;189;189;189;189;189;189;189;189;189;189;189;189;189;189;189;189;189;189;189;189;189;189;189;189;189;189;189;189;189;189;189;189;189;189;189;189;189;189;189;189;189;189;189;189;189;189;189;189;189;189;189;189;189;189;189;189;189;189;189;189;189;189;189;189;189;189;189;189;189;189;189;189;189;189;189;189;189;189;189;189;189;189;189;189;189;189;189;189;189;189;189;189;189;189;189;189;189;189;189;189;189;189;189;189;189;189;189;189;189;189;189;189;189;189;189;189;189;189;189;189;189;189;189;189;189;189;189;189;189;189;189;189;189;189;189;189;189;189;189;189;189;189;189;189;189;189;189;189;189;189;189;189;189;189;189;189;189;189;189;189;189;189;189;189;189;189;189;189;189;189;189;189;189;189;189;189;189;189;189;189;189;189;189;189;189;189;189;189;189;189;189;189;189;189;189;189;189;189;189;189;189;189;189;189;189;189;189;189;189;189;189;189;189;189;189;189;189;189;189;189;189;189;189;189;189;189;189;189;189;189;189;189;189;189;189;189;189;189;189;189;189;189;189;189;189;189;189;189;189;189;189;189;189;189;189;189;189;189;189;189;189;189;189;189;189;189;189;189;189;189;189;189;189;189;189;189;189;189;189;189;189;189;189;189;189;189;189;189;189;189;189;189;189;189;189;189;189;189;189;189;189;189;189;189;189;189;189;189;189;189;189;189;189;189;189;189;189;189;189;189;189;189;189;189;189;189;189;189;189;189;189;189;189;189;189;189;189;189;189;189;189;189;189;189;189;189;189;189;189;189;189;189;189;189;189;189;189;189;189;189;189;189;189;189;189;189;189;189;189;189;189;189;189;189;189;189;189;189;189;189;189;189;189;189;189;189;189;189;189;189;189;189;189;189;189;189;189;189;189;189;189;189;189;189;189;189;189;189;189;189;189;189;189;189;189;189;189;189;189;189;189;189;189;189;189;189;189;189;189;189;189;189;189;189;189;189;189;189;189;189;189;189;189;189;189;189;189;189;189;189;189;189;189;189;189;189;189;189;189;189;189;189;189;189;189;189;189;189;189;189;189;189;189;189;189;189;189;189;189;189;189;189;189;189;189;189;189;189;189;189;189;189;189;189;189;189;189;189;189;189;189;189;189;189;189;189;189;189;189;189;189;189;189;189;189;189;189;189;189;189;189;189;189;189;189;189;189;189;189;189;189;189;189;189;189;189;189;189;189;189;189;189;189;189;189;189;189;189;189;189;189;189;189;189;189;189;189;189;189;189;189;189;189;189;189;189;189;189;189;189;189;189;189;189;189;189;189;189;189;189;189;189;189;189;189;189;189;189;189;189;189;189;189;189;189;189;189;189;189;189;189;189;189;189;189;189;189;189;189;189;189;189;189;189;189;189;189;189;189;189;189;189;189;189;189;189;189;189;189;189;189;189;189;189;189;189;189;189;189;189;189;189;189;188;189;189;189;189;189;189;189;189;189;189;189;189;189;189;189;189;189;189;189;189;189;189;189;189;189;189;189;189;189;189;189;189;189;189;189;189;189;189;189;189;189;189;189;189;189;189;189;189;189;189;189;189;189;189;189;189;189;189;189;189;189;189;189;189;189;189;189;189;189;189;189;189;189;189;189;189;189;189;189;189;189;189;189;189;189;189;189;189;189;189;189;189;189;189;189;189;189;189;189;189;189;189;189;189;189;189;189;189;189;189;189;189;189;189;189;189;189;189;189;189;189;189;189;189;189;189;189;189;189;189;189;189;189;189;189;189;189;189;189;189;189;189;189;189;189;189;189;189;189;189;189;189;189;189;189;189;189;189;189;189;189;189;189;189;189;189;189;189;189;189;189;189;189;189;189;189;189;189;189;189;189;189;189;189;189;189;189;189;189;189;189;189;189;189;189;189;189;189;189;189;189;189;189;189;189;189;189;189;189;189;189;189;189;189;189;189;189;189;189;189;189;189;189;189;189;189;189;189;189;189;189;189;189;189;189;189;189;189;189;189;189;189;189;189;189;189;189;189;189;189;189;189;&

189;189;188;189;189;189;189;189;189;189;189;189;189;189;189;189;189;189;189;189;189;189;189;189;189;189;189;189;189;189;189;189;189;189;189;189;189;189;189;189;189;189;189;189;189;189;189;189;189;189;189;189;189;189;189;189;189;189;189;189;189;189;189;189;189;189;189;189;189;189;189;189;189;189;189;189;189;189;189;189;189;189;189;189;189;189;189;189;189;189;189;189;189;189;189;189;189;189;189;189;189;189;189;189;189;189;189;189;189;189;189;189;189;189;189;189;189;189;189;189;189;189;189;189;189;189;189;189;189;189;189;189;189;189;189;189;189;189;189;189;189;189;189;189;189;189;189;189;189;189;189;189;189;189;189;189;189;189;189;189;189;189;189;189;189;189;189;189;189;189;189;189;189;189;189;189;189;189;189;189;189;189;189;189;189;189;189;189;189;189;189;189;189;189;189;189;189;189;189;189;189;189;189;189;189;189;189;189;189;189;189;189;189;189;189;189;189;189;189;189;189;189;189;189;189;189;189;189;189;189;189;189;189;189;189;189;189;189;189;189;189;189;189;189;189;189;189;189;189;189;189;189;189;189;189;189;189;189;189;189;189;189;189;189;189;189;189;189;189;189;189;189;189;189;189;189;189;189;189;189;189;189;189;189;189;189;189;189;189;189;189;189;189;189;189;189;189;189;189;189;189;189;189;189;189;189;189;189;189;189;189;189;189;189;189;189;189;189;189;189;189;189;189;189;189;189;189;189;189;189;189;189;189;189;189;189;189;189;189;189;189;189;189;189;189;189;189;189;189;189;189;189;189;189;189;189;189;189;189;189;189;189;189;189;189;189;189;189;189;189;189;189;189;189;189;189;189;189;189;189;189;189;189;189;189;189;189;189;189;189;189;189;189;189;189;189;189;189;189;189;189;189;189;189;189;189;189;189;189;189;189;189;189;189;189;189;189;189;189;189;189;189;189;189;189;189;189;189;189;189;189;189;189;189;189;189;189;189;189;189;189;189;189;189;189;189;189;189;189;189;189;189;189;189;189;189;189;189;189;189;189;189;189;189;189;189;189;189;189;189;189;189;189;189;189;189;189;189;189;189;189;189;189;189;189;189;189;189;189;189;189;189;189;189;189;189;189;189;189;189;189;189;189;189;189;189;189;189;189;189;189;189;189;189;189;189;189;189;189;189;189;189;189;189;189;189;189;189;189;189;189;189;189;189;189;189;189;189;189;189;189;189;189;189;189;189;189;189;189;189;189;189;189;189;189;189;189;189;189;189;189;189;189;189;189;189;189;189;189;189;189;189;189;189;189;189;189;189;189;189;189;189;189;189;189;189;189;189;189;189;189;189;189;189;189;189;189;189;189;189;189;189;189;189;189;189;189;189;189;189;189;189;189;189;189;189;189;189;189;189;189;189;189;189;189;189;189;189;189;189;189;189;189;189;189;189;189;189;189;189;189;189;189;189;189;189;189;189;189;189;189;189;189;189;189;189;189;189;189;189;189;189;189;189;189;189;189;189;189;189;189;189;189;189;189;189;189;189;189;189;189;189;189;189;189;189;189;189;189;189;189;189;189;189;189;189;189;189;189;189;189;189;189;189;189;189;189;189;189;189;189;189;189;189;189;189;189;189;189;189;189;189;189;189;189;189;189;189;189;189;189;189;189;189;189;189;189;189;189;189;189;189;189;189;189;189;189;189;189;189;189;189;189;189;189;189;189;189;189;189;189;189;189;189;189;189;189;189;189;189;189;189;189;189;189;189;189;189;189;189;189;189;189;189;189;189;189;189;189;189;189;189;189;189;189;189;189;189;189;189;189;189;189;189;189;189;189;189;189;189;189;189;189;189;189;189;189;189;189;189;189;189;189;189;189;189;189;189;189;189;189;189;189;189;189;189;189;189;189;189;189;189;189;189;189;189;189;189;189;189;189;189;189;189;189;189;189;189;189;189;189;189;189;189;189;189;189;189;189;189;189;189;189;189;189;189;189;189;189;189;189;189;189;189;189;189;189;189;189;189;189;189;189;189;189;189;189;189;189;189;189;189;189;189;189;189;189;189;189;189;189;189;189;189;189;189;189;189;189;189;189;189;189;189;189;189;189;189;189;189;189;189;189;189;189;189;189;189;189;189;189;189;189;189;189;189;189;189;189;189;189;189;189;189;189;189;189;189;189;189;189;189;189;189;189;189;189;189;189;189;189;189;189;189;189;189;189;189;189;189;189;189;189;189;189;189;189;189;189;189;189;189;189;189;189;189;189;189;189;189;&
189;189;189;189;189;189;189;189;189;189;189;189;189;189;189;189;189;189;189;189;189;189;189;189;189;189;189;189;189;189;189;189;189;189;189;189;189;189;189;189;189;189;189;189;189;189;189;189;189;189;189;189;189;189;189;189;189;189;189;189;189;189;189;189;189;189;189;189;189;189;189;189;189;189;189;189;189;189;189;189;189;189;189;189;188;189;189;189;189;189;189;189;189;189;189;189;189;189;189;189;189;189;189;189;189;189;189;189;189;189;189;189;189;189;189;189;189;189;189;189;189;189;189;189;189;189;189;189;189;189;189;189;189;189;189;189;189;189;189;189;189;189;189;189;189;189;189;189;189;189;189;189;189;189;189;189;189;189;189;189;189;189;189;189;189;189;189;189;189;189;189;189;189;189;189;189;189;189;189;189;189;189;189;189;189;189;189;189;189;189;189;189;189;189;189;189;189;189;189;189;189;189;189;189;189;189;189;189;189;189;189;189;189;189;189;189;189;189;189;189;189;189;189;189;189;189;189;189;189;189;189;189;189;189;189;189;189;189;189;189;189;189;189;189;189;189;189;189;189;189;189;189;189;189;189;189;189;189;189;189;189;189;189;189;189;189;189;189;189;189;189;189;189;189;189;189;189;189;189;189;189;189;189;189;189;189;189;189;189;189;189;189;189;189;189;189;189;189;189;189;189;189;189;189;189;189;189;189;189;189;189;189;189;189;189;189;189;189;189;189;189;189;189;189;189;189;189;189;189;189;189;189;189;189;189;189;189;189;189;189;189;189;189;189;189;189;189;189;189;189;189;189;189;189;189;189;189;189;189;189;189;189;189;189;189;189;189;189;189;189;189;189;189;189;189;189;189;189;189;189;189;189;189;189;189;189;189;189;189;189;189;189;189;189;189;189;189;189;189;189;189;189;189;189;189;189;189;189;189;189;189;189;189;189;189;189;189;189;189;189;189;189;189;189;189;189;189;189;189;189;189;189;189;189;189;189;189;189;189;189;189;189;189;189;189;189;189;189;189;189;189;189;189;189;189;189;189;189;189;189;189;189;189;189;189;189;189;189;189;189;189;189;189;189;189;189;189;189;189;189;189;189;189;189;189;189;189;189;189;189;189;189;189;189;189;189;189;189;189;189;189;189;189;189;189;189;189;189;189;189;189;189;189;189;189;189;189;189;189;189;189;189;189;189;189;189;189;189;189;189;189;189;189;189;189;189;189;189;189;189;189;189;189;189;189;189;189;189;189;189;189;189;189;189;189;189;189;189;189;189;189;189;189;189;189;189;189;189;189;189;189;189;189;189;189;189;189;189;189;189;189;189;189;189;189;189;189;189;189;189;189;189;189;189;189;189;189;189;189;189;189;189;189;189;189;189;189;189;189;189;189;189;189;189;189;189;189;189;189;189;189;189;189;189;189;189;189;189;189;189;189;189;189;189;189;189;189;189;189;189;189;189;189;189;189;189;189;189;189;189;189;189;189;189;189;189;189;189;189;189;189;189;189;189;189;189;189;189;189;189;189;189;189;189;189;189;189;189;189;189;189;189;189;189;189;189;189;189;189;189;189;189;189;189;189;189;189;189;189;189;189;189;189;189;189;189;189;189;189;189;189;189;189;189;189;189;189;189;189;189;189;189;189;189;189;189;189;189;189;189;189;189;189;189;189;189;189;189;189;189;189;189;189;189;189;189;189;189;189;189;189;189;189;189;189;189;189;189;189;189;189;189;189;189;189;189;189;189;189;189;189;189;189;189;189;189;189;189;189;189;189;189;189;189;189;189;189;189;189;189;189;189;189;189;189;189;189;189;189;189;189;189;189;189;189;189;189;189;189;189;189;189;189;189;189;189;189;189;189;189;189;189;189;189;189;189;189;189;189;189;189;189;189;189;189;189;189;189;189;189;189;189;189;189;189;189;189;189;189;189;189;189;189;189;189;189;189;189;189;189;189;189;189;189;189;189;189;189;189;189;189;189;189;189;189;189;189;189;189;189;189;189;189;189;189;189;189;189;189;189;189;189;189;189;189;189;189;189;189;189;189;189;189;189;189;189;189;189;189;189;189;189;189;189;189;189;189;189;189;189;189;189;189;189;189;189;189;189;189;189;189;189;189;189;189;189;189;189;189;189;189;189;189;189;189;189;189;189;189;189;189;189;189;189;189;189;189;189;189;189;189;189;189;189;189;189;189;189;189;189;189;189;189;189;189;189;189;189;189;189;189;189;189;189;189;189;189;189;189;189;189;189;189;189;189;189;189;189;189;189;&
189;189;189;189;189;189;189;189;189;189;189;189;189;189;189;189;189;189;189;189;189;189;189;189;189;189;189;189;189;189;189;189;189;189;189;189;189;189;189;189;189;189;189;189;189;189;189;189;189;189;189;189;189;189;189;189;189;189;189;189;189;189;189;189;189;189;189;189;189;189;189;189;189;189;189;189;189;189;189;189;189;189;189;189;189;189;189;189;189;189;189;189;189;189;189;189;189;189;189;189;189;189;189;189;189;189;189;189;189;189;189;189;189;189;189;189;189;189;189;189;189;189;189;189;189;189;189;189;189;189;189;189;189;189;189;189;189;189;189;189;189;189;189;189;189;189;189;189;189;189;189;189;189;189;189;189;189;189;189;189;189;189;189;189;189;189;189;189;189;189;189;189;189;189;189;189;189;189;189;189;189;189;189;189;189;189;189;189;189;189;189;189;189;189;189;189;189;189;189;189;189;189;189;189;189;189;189;189;189;189;189;189;189;189;189;189;189;189;189;189;189;189;189;189;189;189;189;189;189;189;189;189;189;189;189;189;189;189;189;189;189;189;189;189;189;189;189;189;189;189;189;189;189;189;189;189;189;189;189;189;189;189;189;189;189;189;189;189;189;189;189;189;189;189;189;188;189;189;189;189;189;189;189;189;189;189;189;189;189;189;189;189;189;189;189;189;189;189;189;189;189;189;189;189;189;189;189;189;189;189;189;189;189;189;189;189;189;189;189;189;189;189;189;189;189;189;189;189;189;189;189;189;189;189;189;189;189;189;189;189;189;189;189;189;189;189;189;189;189;189;189;189;189;189;189;189;189;189;189;189;189;189;189;189;189;189;189;189;189;189;189;189;189;189;189;189;189;189;189;189;189;189;189;189;189;189;189;189;189;189;189;189;188;189;189;189;189;189;189;189;189;189;189;189;189;189;189;189;189;189;189;189;189;189;189;189;189;189;189;189;189;189;189;189;189;189;189;189;189;189;189;189;189;189;189;189;189;189;189;189;189;189;189;189;189;189;189;189;189;189;189;189;189;189;189;189;189;189;189;189;189;189;189;189;189;189;189;189;189;189;189;189;189;189;189;189;189;189;189;189;189;189;189;189;189;189;189;189;189;189;189;189;189;189;189;189;189;189;189;189;189;189;189;189;189;189;189;189;189;189;189;189;189;189;189;189;189;189;189;189;189;189;189;189;189;189;189;189;189;189;189;189;189;189;189;189;189;189;189;189;189;189;189;189;189;189;189;189;189;189;189;189;189;189;189;189;189;189;189;189;189;189;189;189;189;189;189;189;189;189;189;189;189;189;189;189;189;189;189;189;189;189;189;189;189;189;189;189;189;189;189;189;189;189;189;189;189;189;189;189;189;189;189;189;189;189;189;189;189;189;189;189;189;189;189;189;189;189;189;189;189;189;189;189;189;189;189;189;189;189;189;189;189;189;189;189;189;189;189;189;189;189;189;189;189;189;189;189;189;189;189;189;189;189;189;189;189;189;189;189;189;189;189;189;189;189;189;189;189;189;189;189;189;189;189;189;189;189;189;189;189;189;189;189;189;189;189;189;189;189;189;189;189;189;189;189;189;189;189;189;189;189;189;189;189;189;189;189;189;189;189;189;189;189;189;189;189;189;189;189;189;189;189;189;189;189;189;189;189;189;189;189;189;189;189;189;189;189;189;189;189;189;189;189;189;189;189;189;189;189;189;189;189;189;189;189;189;189;189;189;189;189;189;189;189;189;189;189;189;189;189;189;189;189;189;189;189;189;189;189;189;189;189;189;189;189;189;189;189;189;189;189;189;189;189;189;189;189;189;189;189;189;189;189;189;189;189;189;189;189;189;189;189;189;189;189;189;189;189;189;189;189;189;189;189;189;189;189;189;189;189;189;189;189;189;189;189;189;189;189;189;189;189;189;189;189;189;189;189;189;189;189;189;189;189;189;189;189;189;189;189;189;189;189;189;189;189;189;189;189;189;189;189;189;189;189;189;189;189;189;189;189;189;189;189;189;189;189;189;189;189;189;189;189;189;189;189;189;189;189;189;189;189;189;189;189;189;189;189;189;189;189;189;189;189;189;189;189;189;189;189;189;189;189;189;189;189;189;189;189;189;189;189;189;189;189;189;189;189;189;189;189;189;189;189;189;189;189;189;189;189;189;189;189;189;189;189;189;189;189;189;189;189;189;189;189;189;189;189;189;189;189;189;189;189;189;189;189;189;189;189;189;189;189;189;189;189;189;189;189;189;189;189;189;189;189;189;189;189;189;&

