0000000
00000000000000000000
000000
0000000
00000000000000000000
000000
0000000
00000000000000000000
000000
0000000
00000000000000000000
000000
000000000000000000000000000000000000000000000000000000000000
0000000000000000000000000000000000000000000000000000000000000000
000000000000000000000000000000000000000000000000000000000000000000000000000000000000000000000000000
000000000000000000000000000000000000000000000000000000000000000000000000000000000000000000000000
0000000000000000000000000000000000000000000000000000000000000000000000000000000000000000000000000000000
000000000000000000000000000000000000000000000000000000000000000000000000000
00000000000000000000000000000000000000000000000000000000000000000000000000000000
0000000000000000000000000000000000000000000000000000000000000000000000000000000000000000
00000000000000000000000000000000000000000000000000000000000000000000000000000000000000000000
000000000000000000000000000000
0000000000000000000000000000000000000000000000000000000000000000000000000000000000000000000000000000000000000000000000
0000000000000000000000000000000000000000000000000000000000000000000000000000
00000000000000000000000000000000000000000000000000000000000000000000000000000000000000000000000
000000000000000000000000000000000000000000000000000000000000000000000000000000000000000000000000
00000000000000000000000000000000000000000000000000000000000000000000000000000000000000000
00000011111000000000000000000001111111100000000011111111111111111111111111111111111111111111111111111111111111111100000000000000000000000000000000000000000000000011111111111111111111111111111111111111111111111111111111111111110000000000000000000000000000000000000000000000000000000000001111111111111111111111111111111111111111111111111111111111111111111111111111111111111111100000000000000000000000000000000001111111111111111
11111111111111111111111111111111111111111111111111111111111000000000000000000000001111100000000000000000001111111111111111111111111111111111111111111111111111111111111110000000000000000000000000000000000000000000001111111111111111111100000000000011111111111111111111111111111111111111111111111111111111110000000000000000000000000000000001100000000000000001111111111111111111111111111111111111111111111111111111111111111111100000000000000000000000000000000000
00000000000000001111111111111111111111111111111111111111111111111111111111111111111110000000000000000000000000000000000000000000000000000000000000000000000000000000000000000000000000000000000000000000000000000000011111111111111111111111111111111111111111111111111111111111111111111111111111111111111111111111111111111111111111111111111111111111111111111111111111111111111111111111111111111111111111111111111111111111111111111111111111111111111111111111111111111111111111111111111111111111111111111111111111111111111111111111111110000
1111111111111111111111111111111111111111111111111111111111111111111111111111111111111111111111111111111111111111111111111111111111111111111111111111111111111111111111111111111111111111111111111111111111111111111111111111111111000000000000000000000000000000000000000000000000000000000000111100000000000000000000100000000000000000000000000000000000000000000000000000000000000000000000111111111111111111111111111111111111111111111111111111111111111111111111111111111111111000000000000000000000000000000000000000
00000001111111000000000000000000000000000000111111111111111111111111111111111111111111111111111111111111111111111111111000000000000000000000010000000000000000000000000000000000001111111111111111111111111111111111111111111111111111111111111111111111110000000000000011111111111111110000000000000000000001111111111111111111111111111111111111111111111111111111111111111111111111111111000000000000000000000011
1111111110000000000000000000000110000000000000000000000000000111111111111111111111111111111111111111111111111111111111111111111111111110000000000000000000001111100000000000000000000000000000000000001111111111111111111111111111111111111111111111111111111111111111111111000000000000001111111111111111111100000000000000000000001111110000000000000000000000000000011111111111111111111111111111111111111111111111111111111111111111111111111100000000000000000000
1111111111111111111111111111111100000000000000000000000000000000011000000000000000000000000000001111111111111111111111111111111111111111111111111111111111111111111111111111100000000000000011101111111111111000000000000000000000000000001111111111111111111111111111111111111111111111111111111111111111110000000000000000000000000000000000000000000000000000000000011111111111111111111111111111111111111111111111111111111111111111111111110000000000000000000
111111111111111111111111111111111111110000000000001111111111111111110000000000000000000111110000000000000000000000000000011111111111111111111111111111111111111111111111111111111111111111111111111111000000000000000011111111110000000000000001111111111111111111111111111111111111111111111111111100000000000001111111111111111111111000000000000000000000010000000000000000000000000000000000011111111111111111111111111111111111111111111111111111111111111111111111111110000000000000000000000
11111111111111111111110000000000001111111111111111111111000000000000000000000000000000000000000000001111111111111111111111111111111111111111111111111111111111111111111111111111000000000000110000000000000000000001000000000000000000000000111111111111111111111111111111111111111111111111111111111111111111111111111111111111000000000000000000000000000000000000000000000000000000000000000000000000000000000000000000000000000000011111111111111111111111111111111111111111111111
00000000000000000000001111111111111111111111111111111111111111111111111111111111111111111111111111100000000000000111111111111111111111110000000000000000000000000000000000001111111111111111111111111111111111111111111111111111111111111111111111111111111111111100000000000000000000000011111111111111100000000000000000000000000000000000000000000000000000000000000000000011111111111111111111111001111111111111111111111111111111100000000000001111111111111111111111111111110000000000000000000000000000000000000000000000000
11111111111111111111111111111100000110011111111111111111111111001100000000000000000111111111111111011111111111111100000000000000011111111111100000000000111111111
00000000000000000000000000000011111111110001111111111111111111111111111111111111111111111111111111111111111111111111111111111111111111111111111111111111111111111111111111111111111111111111111111111111111111111111111111111111111111111111111111111111111111110011111111111111111110000000000000000001000000000000010000011111111111111111111111100000000000000000000000000000000000000000000000000000000000000000000
000000000000000111111111111111111111111111111111111111111111111111111111111111111111111111111111111111111111111111111111111111111111111111111111111111111111111111111111111111111111111111111111111111111111111111111111111111111111111111111111111111111111111111111111111111111111111100000000000000001111111111111110000000000000111111111111100000000000000000000000000000000000000000000000000000000000000000000000000000000000000000000000000000000
111111111111111111111111111111111111111111111111111111111111111111111111111111111111111111111111111111111111111111111111111111111111111111111111111111111111111111111111111111111111111111111111111111100000001110011111111111111111100000000000000000000000000000000000000000000000000000000000000000001111111100111111111110000000000000
11111111111111110011111111111111111111111111110011111111111111111111111111111111111111111111111111111111111111111111111111111111111111111111111111100111111100000000001110111111111111111111111111111111111111000000001111111000011111111111111111111111111
0011111111111111111111111111111111111111111111111111111111111111111111110111111111111111111111111111111
00100000000000000000000000000000000000000000000000000000000000000000000000000001111111111111111111111110000001111111110
00000000000000000000000000000000000000000000000000000000000000000000000000000000000000000000000000000000000000000000000000000000000000000000000000000000000000000000000000000000000000000000000000000000000011111111111111100011111111111111111111111111111111111111111111111111111000000000000000
11111111111111111111111111111111111111111111111111111111111111111111111111111111111111111111111111111111111111111111111111111111111111111111111111111111111111111111111111111111000000000111111111111000000001111111111111101111111111100111100000000000000000000000000000000000000000000000000000000000000000000000000000000000001111111000000000000000000000011111111111111111000000000000111111111111110
0000000000000000000000000000000000000000000000000000000000000000000000000000000000000000000000000000000000000000000000000000000000000000000000000000000000000000000000000000000000000000000000000000000000000000000001111111111111111111111111111111111111111111111111111111111111111111111111111111111111111111111111111111111111111111111111111111111111
011111110111111111111111111111000000000111111111111111111111111111111111111110000000000000000000000000000111111111111111111111111111111111111111111111111111111111111111111111111111111111111111111111111111111111111111111111111111111100000000000000000000000000000000000000000000000000000000000111111111111111111111111111111111111111111111111111111111111111111111111111111111111111111111111111111111111111111111111111111111111
111111011111111111111111111111111111110111101111111111111111111111110111111111110111111111111111111111111111111111111111011111111
00000000
00000000000000000000000000000000000000000000000000000000000
111111111111111111111111111111111111111111111111111111100011100111111111111111111111111111111111111111100000000000000000000000000000000000000000000000000000000000000000000000000000001111111111111111111111110000000000000000000011111111111
0000000000000
0000000000000000000000000000000000000000000000000000000000000000000000000000000000000000
000000000000000000000000000000000000
000000000000000000000000000000000000000000000000000000000000000000000000000000000000000000000000000000000000000000000000000000
111111000011111111111111111111111111111111111111111111111111111111111111111111111111111111111111111111111111111111111111111111111111111111111111111111111111111111111111111111111111111111111111111111110000000000000000000000000000000000000000000000000000000000000000000000000000000000000000000000000000000000000000000000000000000000000000000000000000000000000000000000000000000000000000000000000000000000000000000000000000000000000000000000111111111111111111111111111111111111111111111111110000000000000000000000111111111111111111111111111111111111111111111111111111111111111111111
11111111111111111111111111111111111111111111111111111111111111111111111111111111111111111111111111111111111111111111111111111111111111111111111111111111111111111111111100000011111111111111111111100000000000000000000000000000000000000000000000000000000000000000000000000000000000010000000000000000000000000000000001111111111111111111111111111111111111110000000000011111111111111111111110000000000000111
0000000000
111111111111111111111111111111111111111111111111111111111111111111111111111111111111111111111111111111111111111111111111111111111111111111111111111111111111111111111111111111111111111111111111111111111111111111111111111111111111111111111111111000000000000000001111111111111111111111111111111110000000000000000000000000000000000000000000000000000000000000000000000000000000000000000010000000000000000000000000000111111111111111111111111111111111111111111111111111111111111111111111111110000000000000110000000001111
11111111111111111111111000000000000000000000000001111111111111110000000000000000111111111111111111111111111111111111111111111111111111111111111111111111111111111111111111111111111111111111111111111111111111111111111111111111111111111111111111111111100000001111111111111111100000000000000000000000000000000000000000000000000000000000001111111111111111111111111111111111111111111111111111111111111111111111111111111111111111111111111111111111111111111111111111111111111111111111111111111111111111111111111111111111111111111111111111111111111111111111111111111111111111111111111111111111111111111111111111111111111111111111111111111111111111111111111111111111111111111111100000011111110000000000000000000000000000000000000000111111
1111111111111111111111111111111111111111111111100000000000000000000000001111111111111111111111111111111111111111111111111111111110000000000000000000000000001111111111111111111111111111111111111111111111111111111111111111111111111100000000000000000000111111111111111111111111111111111111111111111111111111111111111111111111111111111111111111111111111111111111111111111111111111111111111111111111111111111111111111111111111111111111111111111111111111111111111111111110000000000000000000000000000000000000000000000000000000000000000000
00000000000000000000000000000000000000000000000000000000000000000000000000000000000000000000000000000000000000000000
000000000000000000000000000000000000000000000
0000000000000000000000000000000000000000000000111111111111111111111111111111111111111111100000000000001111111111111111000000000000000000000000000000000000000000000000000000000000000000000000
00000000000000000000000000000011000000000001000000000000000000000000000000000000000000000000000000000000000000000000000000000000000000000000000000000000000000000000000000111111100000000111111111111111111111111111111111111111111111000000000000000000000000000000000000000000100000000000000000000000000000000000000000000000000000000000000000
000000000000000000000000000000000000000000000000000000000000000000000000000000000000000000000000000000000000000000000000
1111111111111111111111111111111111111111111111111111111111111111111111111111111111111111111111111111111111111111111111111111111111111111111111111111111111111111111111111111111111111111111111111111111111111111111111111111111111111111111111110000000000001110000000000000000000000011111111111111010000000000000000000000111111111111111111111111111111100000000000000000000000000000000000000000000000000000000000000000000000000000111111111111111111111111111111110000000001111111111100000000000000000001111111111111111111111111111111111111111111111111111111111111111111111111111111111111111111111111111111111111111111111111111111111111111111111111111111111111111111111111111111111
0000000000000000000000000000000000000000000000000000000000000000000000000000000000000000000000000000000000000000000000000000000000000000
111111111111111100000000000000000000000000000000000000000000000000000000000000000000000000000000000000000000000000000000000000000000000000000000000000000000000000001
00000000000000000000000000000000000000000000000000000000000000000000000000000000000000000000000000000000000000000
00000000000000000000000000000000000000000000000000000000000011111100000000000000000000000000000000000000000000000000000000111000000000000000000000000000000000000000001111111111111111111111111000000000000000000000000000001110000001
111111111111111100000000000000000000001111111111111111111111111111111111111110000000000000000000000000000000000000000000000000000000000000000000000000000000000000000000000000000000000000000000000000000000000000000000000000000000000000000000000000000000
000000000
00000000000000000000000000000000000000000000000000000000000000000000000000000000000000
00000000000000000000000000000000000000000000000000000000000000000000000000000000000000000000000000000000000000000000000000000000000000000000000000000000000
000000000000000000000000111111111111100000000000000000111111000000000000000000000000000000000000000000000000000000000000011111111111111111111111111111111111111111111
00000000000
000000000000000000000000000000
00000000000000000000000000000000000000000000000000000000000000
0000000000000000000000000000000
000000000000000000000000000000000000000000000000000000000000000000000000000000000000000000000000000000000000000000000000000000000
000000000000000000000000000000000000000000000000000000000000000000000000000000000
00000000000000000000000000000000000000000000000000000000000000000000000000000000
00000000000000000000
000000000000000000000
00000000
0000000000000000000000000000000000000000000000000000000000000000000000000000000
00000000000000000000000000
000000000000000000000000
00000000
000000000000000000000000000000000000000000000000000000000000000000000000
000000000000000000000000000000000000000000000000
11111111100000000000011111111111111111111111111111111111111111111111111111111111111111111111111111111111111111111111111000000000000000000000000000000000000000000000000000000000000000000000000000000000011111111111111111111111111111111111111111111111111111111111111111111111111111111111111111111111111111111111111111111111111111111111111111111111111111111111111111111111111111111000000000000000111111000000000000000111111111111111111110000000000000000000000000000000000000000000000001111111000000000000000000000000000000000000000000011111111111111111111111111111111111111111111111100000000000000000000000000000000011111111110011111111111111111101110
1111111111111111111111111111111111111110000000000000000000000000000000000000000000000000000000000000000000000000000000000000000000011111110000000000000000000000000000000000000000000000000000000000000000000000000000000000000000000111111111111111111111111000000000000111111111111111111111111111111111111111111111111111111111111111
00000000000000000000000000000000000000000000000000000000000001111110000000000000000000000000000000000111111111111111111111111111111111111111111111111111000000000000000000000000000000000000000000000000000000001111111110000000000000000000000011111111111111111111111111111111111111111111111111111111111111111111111111111111111111111111111111111111111111111111111111110000000000111111111111
1111111111111111111111111111111111111111111111111111111111111111111111111111111111111111111111111000000000000001111111111000000000000000000000000000000000000000000000000000000000000000000000000000000000000000000000000000000000000000000000000000000000000000000000000000000000000000000000000000000011111111111111111111111111111111111111111111111111111111
1111111111111111111111111111111111111111111111111111111111111111111111111111111111110000000000000000000000000000000000000000000000000000000000000000000000000000000000000000000000000000000000000000000000000000000000000000000000000000000000000000000001000
000000000000000000000000000000000000000000000000000000000000001110000000011111111111111100000000000000000000000000001111111111111111111111111000000000000000000000000000000011111111111111111111111111111111111111111111111111111111111111111111111111111111111111111111111111100000000000000000000000000000000000000000001111111111111111111111111111111111111111111111111111111111111111111111111111111111111111111111111111111111111111111111111111111111111111111110000000000000
1111111111111111111111111111111111111111111111111111111111111111111111111111111111111111111111111111111111111111111111111111111111111111111111111111111111111111111111111111111111111111111111111111111111111111111111111111111111111111111111111111111111111111111111111111111111111111111111100000000000000000000000000000000000000000000000011111111111111011111111111111111111111111000000000000000000000000000000000111111111111111111111111111111111111111111111111111111111111110000000000000000000000000000000000000000000000000000000000000000000000000000001100000000000000000000000000000000000000000000000000000000000000000000001111111111111111111111111111111111111100000000000
111111111111111111110000000000000000000001111111111111111111111111111111111111111111111111111111111111111111111111111111111111111111111111111111111111111111111111111111111111111111111111111111111100000000000000000000000000000000000000000000000000000000000000000000000000000000000000000000000000000000000000000111111100000000000011111111111111000000000000000000010111111111111111111111111100001111111111111111111111111
111111111111111111111111111111111111100000000110000000000000000000000000000000000000000000000000000000000000111111111111111111111111111111111111111111111111111111111111111111111111111111000000000000000000000000000000000000000000000011111111111111111111111111111111111111111111111111111111111111111000000000000000000000011111100000011111110000000000000000000000000000000001111
11111111111111111011111111111111111000000001111111111111111000000000000000000111111111111111111111000000001111111111111111111111100111111111111100000111111111111111111111111111111111111111111111100000000000000000000000000000000000000001111100111111111111111111000000011111111111111111111111111111111111111111110000000000000000000000000000000011111111111111111111111111111111111111111111111111111111111111111111111111111111111111111111111111111111111100000000000000000000000000000
0000000000000000000000000000000000000000000000000000000000000000010000000000000000000000000000000000000000000000000000000000000000000000000000000000000000000000000000000000000000000011111111111111111111111111111111111111000000011111111111111111111111111111111111111111111111111111111111111111111111111111111111111111111111111111111111111111111111111111111111111111111111111111111111111111111111111111111111111111111111111111111111111111111111111111111111111111111111111111111111111111111111111111111111111111111111111111111111111
000000000000000000000000
00000000000000
00000000000000000000000000000000000000000000000000000
