000000000000000000000000000000000000000000000000000000000000
0000000000000000000000000000000000000000000000000000000000000000
000000000000000000000000000000000000000000000000000000000000000000000000000000000000000000000000000
000000000000000000000000000000000000000000000000000000000000000000000000000000000000000000000000
0000000000000000000000000000000000000000000000000000000000000000000000000000000000000000000000000000000
000000000000000000000000000000000000000000000000000000000000000000000000000
00000000000000000000000000000000000000000000000000000000000000000000000000000000
0000000000000000000000000000000000000000000000000000000000000000000000000000000000000000
00000000000000000000000000000000000000000000000000000000000000000000000000000000000000000000
000000000000000000000000000000
0000000000000000000000000000000000000000000000000000000000000000000000000000000000000000000000000000000000000000000000
0000000000000000000000000000000000000000000000000000000000000000000000000000
00000000000000000000000000000000000000000000000000000000000000000000000000000000000000000000000
000000000000000000000000000000000000000000000000000000000000000000000000000000000000000000000000
00000000000000000000000000000000000000000000000000000000000000000000000000000000000000000
00000011111000000000000000000001111111100000000011111111111111111111111111111111111111111111111111111111111111111100000000000000000000000000000000000000000000000011111111111111111111111111111111111111111111111111111111111111110000000000000000000000000000000000000000000000000000000000001111111111111111111111111111111111111111111111111111111111111111111111111111111111111111100000000000000000000000000000000001111111111111111
11111111111111111111111111111111111111111111111111111111111000000000000000000000001111100000000000000000001111111111111111111111111111111111111111111111111111111111111110000000000000000000000000000000000000000000001111111111111111111100000000000011111111111111111111111111111111111111111111111111111111110000000000000000000000000000000001100000000000000001111111111111111111111111111111111111111111111111111111111111111111100000000000000000000000000000000000
00000000000000001111111111111111111111111111111111111111111111111111111111111111111110000000000000000000000000000000000000000000000000000000000000000000000000000000000000000000000000000000000000000000000000000000011111111111111111111111111111111111111111111111111111111111111111111111111111111111111111111111111111111111111111111111111111111111111111111111111111111111111111111111111111111111111111111111111111111111111111111111111111111111111111111111111111111111111111111111111111111111111111111111111111111111111111111111111110000
1111111111111111111111111111111111111111111111111111111111111111111111111111111111111111111111111111111111111111111111111111111111111111111111111111111111111111111111111111111111111111111111111111111111111111111111111111111111000000000000000000000000000000000000000000000000000000000000111100000000000000000000100000000000000000000000000000000000000000000000000000000000000000000000111111111111111111111111111111111111111111111111111111111111111111111111111111111111111000000000000000000000000000000000000000
00000001111111000000000000000000000000000000111111111111111111111111111111111111111111111111111111111111111111111111111000000000000000000000010000000000000000000000000000000000001111111111111111111111111111111111111111111111111111111111111111111111110000000000000011111111111111110000000000000000000001111111111111111111111111111111111111111111111111111111111111111111111111111111000000000000000000000011
1111111110000000000000000000000110000000000000000000000000000111111111111111111111111111111111111111111111111111111111111111111111111110000000000000000000001111100000000000000000000000000000000000001111111111111111111111111111111111111111111111111111111111111111111111000000000000001111111111111111111100000000000000000000001111110000000000000000000000000000011111111111111111111111111111111111111111111111111111111111111111111111111100000000000000000000
1111111111111111111111111111111100000000000000000000000000000000011000000000000000000000000000001111111111111111111111111111111111111111111111111111111111111111111111111111100000000000000011101111111111111000000000000000000000000000001111111111111111111111111111111111111111111111111111111111111111110000000000000000000000000000000000000000000000000000000000011111111111111111111111111111111111111111111111111111111111111111111111110000000000000000000
111111111111111111111111111111111111110000000000001111111111111111110000000000000000000111110000000000000000000000000000011111111111111111111111111111111111111111111111111111111111111111111111111111000000000000000011111111110000000000000001111111111111111111111111111111111111111111111111111100000000000001111111111111111111111000000000000000000000010000000000000000000000000000000000011111111111111111111111111111111111111111111111111111111111111111111111111110000000000000000000000
11111111111111111111110000000000001111111111111111111111000000000000000000000000000000000000000000001111111111111111111111111111111111111111111111111111111111111111111111111111000000000000110000000000000000000001000000000000000000000000111111111111111111111111111111111111111111111111111111111111111111111111111111111111000000000000000000000000000000000000000000000000000000000000000000000000000000000000000000000000000000011111111111111111111111111111111111111111111111
00000000000000000000001111111111111111111111111111111111111111111111111111111111111111111111111111100000000000000111111111111111111111110000000000000000000000000000000000001111111111111111111111111111111111111111111111111111111111111111111111111111111111111100000000000000000000000011111111111111100000000000000000000000000000000000000000000000000000000000000000000011111111111111111111111001111111111111111111111111111111100000000000001111111111111111111111111111110000000000000000000000000000000000000000000000000
