# 7 5 8 # p o i n t l a r g
3 ? 2 1 3 # o l d f u m â e r
# 6 9 2 4 # b r e a k t i m e
# 5 μ 5 4 # y e a r l i f e
# 7 7 2 0 # l e a v a l o v e
# 7 7 4 2 # e y e l i v e
# 8 4 7 6 # l e a v e s t a r t
# 3 1 1 0 # t h i n g w o r l d
# 4 6 4 1 # ä a } f E e L[sniffer] 868 MHz group 10
CRC error #6
OK (00001000b)
SRC:8 #6
98 149 164 90 33 137
CRC error #85
OK (10101001b) REQ ACK SRC:9 #85
255 255 255 255 255 255 255 255 255 255 255 255 255 255 255 255 255 255 255 255 255
255 255 255 255 255
255 255 255 255 255 255 255 255 255 255 255 255 255 255 255 255 255 255 255 255 255
255 255 255 255 255
255 255 255 255 255 255 255 255 255 255 255 255 255 255 85 169 0 0 0 255 255 255 255
10 169 0 85
85 84 90 84 6 34
CRC error #78
OK (00011010b)
SRC:26 #78
255 255 255 255 255 255 255 255 255 255 255 255 255 255 255 255 255 255 255 255 255
255 255 255 255 255
255 255 255 255 255 255 255 255 255 255 255 255 255 255 255 255 255 255 255 255 255
255 255 255 255 255
255 255 255 255 255 255 255 255 255 255 255 255 255 255 78 26 0 0 0 255 255 255 255 10
26 0
CRC error #146
OK (00111110b) REQ
SRC:30 #146
255 255 255 255 255 255 255 255 255 255 255 255 255 255 255 255 255 255 255 255 255
255 255 255 255 255
255 255 255 255 255 255 255 255 255 255 255 255 255 255 255 255 255 255 255 255 255
255 255 255 255 255
255 255 255 255 255 255 255 255 255 255 255 255 255 255 146 62 0 0 0 255 255 255 255
10 62 0 129
148 142 128 115 27 4 33 32 8 11 33 169 136 75 2 158 64 0 35 112 31 140 71 145 32 3 104
72
45 64 155 220 144 1 189 96 15 13 10 80 16 41 144 220 38 75 32 102 66 86 80 80 116 163
37
76 152 71 67 16 1 97 160 234 14 1 177
CRC error #145
OK (00101011b) REQ
SRC:11 #145
255 255 255 255 255 255 255 255 255 255 255 255 255 255 255 255 255 255 255 255 255
255 255 255 255 255
255 255 255 255 255 255 255 255 255 255 255 255 255 255 255 255 255 255 255 255 255
255 255 255 255 255
255 255 255 255 255 255 255 255 255 255 255 255 255 255 145 43 0 0 0 255 255 255 255
10 43 0 252
132 21 108 136 8 197 16 28 64 163 34 121 222 196 3 52 132 22 57 80 106 208 2 60 164
131 29
225 140 64 128 245 212 67 133 36 193 201 41 26 208 128 218 241 55 224 32 196 187 139
222 118 19
188 36 192 164 40 194 147 54 209 120 148 124 93
CRC error #220
OK (00011101b)
SRC:29 #220
255 255 255 255 255 255 255 255 255 255 255 255 255 255 255 255 255 255 255 255 255
255 255 255 255 255255 255 255 255 255 255 255 255 255 255 255 255 255 255 255 255 255 255 255 255 255
255 255 255 255 255
255 255 255 255 255 255 255 255 255 255 255 255 255 255 220 29 0 0 0 255 255 255 255
10 29 0 142
146 4 152 78 132 52 193 137 80 148 234 149 85 85 85 69 165 65 97 228 103 6 71 38 68
109
78 173 174 4 15 44 172 46 85 51 208 112 148 161 209 61 129 168 81 79 74 0 139 45 73
192 196
16 0 1 15 74 194 144 66 2 108 0 169 88 11 63 71 5 0 64 6 10 1 107 250 172 1 0 239 162
1
0 89 1 0 0 232 3 0 0 0 0 0 0 197 0 196 0 192 0 193 0 194 0 198 0 1 0 0 31 35 0 0 0
0 0 0 0 0 0 0 0 0 0 0 0 0 0 0 0 0 0 0 0 0 0 0 0 0
CRC error #92
OK (00010001b)
SRC:17 #92
255 255 255 255 255 255 255 255 255 255 255 255 255 255 255 255 255 255 255 255 255
255 255 255 255 255
255 255 255 255 255 255 255 255 255 255 255 255 255 255 255 255 255 255 255 255 255
255 255 255 255 255
255 255 255 255 255 255 255 255 255 255 255 255 255 255 92 17 0 0 0 255 255 255 255 10
17 0 195
184 4 17 216 3 179 58 182 208 18 120 171 30
CRC error #177
OK (10101110b) REQ ACK SRC:14 #177
255 255 255 255 255 255 255 255 255 255 255 255 255 255 255 255 255 255 255 255 255
255 255 255 255 255
255 255 255 255 255 255 255 255 255 255 255 255 255 255 255 255 255 255 255 255 255
255 255 255 255 255
255 255 255 255 255 255 255 255 255 255 255 255 255 255 177 174 0 0 0 255 255 255 255
10 174 0 122
22 82 197 80 135 104 65 30 0 195 158 201 109 249 65 29 41 0 156 50 22 93 36 7 105 131
166
158 4 158 254 70 193 41 2 20 68 30 144 51 101 10 111 33 3 164 234 18 128 36 17 113 1
78
90 112 128 205 1 150 128 117 108 24 79 227 0 63 71 5 0 64 6 10 1 14 90 215 1 0 80 204
1
0 89 1 0 0 232 3 0 0 0 0 0 0 197 0
CRC error #16
OK (00001010b)
SRC:10 #16
35 52 24 50 62 39 180 104 104 78 102 65 112 104 253 100
d
# 4 2 > ' h h N f A p h
CRC error #16
OK (00011110b)
SRC:30 #16
151 96 115 114 101 164 216 210 230 229 128 236 105 114 247 103
CRC error #6
OK (00011001b)
SRC:25 #6
69 160 128 82 104 130
CRC error #80
OK (00010111b)
SRC:23 #80
255 255 255 255 255 255 255 255 255 255 255 255 255 255 255 255 255 255 255 255 255
255 255 255 255 255
255 255 255 255 255 255 255 255 255 255 255 255 255 255 255 255 255 255 255 255 255
255 255 255 255 255255 255 255 255 255 255 255 255 255 255 255 255 255 255 80 23 0 0 0 255 255 255 255 10
23 0 39
180
CRC error #64
OK (00101000b) REQ
SRC:8 #64
18 15 73 32 11 74 128 144 206 134 160 128 164 40 64 82 18 123 4 34 46 1 119 160 7 197
196
193 110 64 7 76 1 129 0 21 144 130 97 126 135 192 1 150 69 128 89 6 1 189 70 146 82 0
66
21 64 109 66 81 40 8 45 130
CRC error #17
OK (00001101b)
SRC:13 #17
35 55 25 53 56 35 112 111 105 110 116 32 108 97 114 103 101
# 7 5 8 # p o i n t l a r g
CRC error #111
OK (00001000b)
SRC:8 #111
255 255 255 255 255 255 255 255 255 255 255 255 255 255 255 255 255 255 255 255 255
255 255 255 255 255
255 255 255 255 255 255 255 255 255 255 255 255 255 255 255 255 255 255 255 255 255
255 255 255 255 255
255 255 255 255 255 255 255 255 255 255 255 255 255 255 111 8 0 0 0 255 255 255 255 10
8 0 14 69
255 144 245 205 184 129 133 5 100 54 49 159 192 141 104 33 80 67 15 169 3 91 123 75 1
112 132
162 36 3 66
CRC error #18
OK (00011110b)
SRC:30 #18
39 188 51 51 17 35 55 127 114 124 100 32 242 97 126 100 111 109
' 3 3 # 7 • r | d ・a ~ d o m
CRC error #85
OK (10100101b) REQ ACK SRC:5 #85
255 255 255 255 255 255 255 255 255 255 255 255 255 255 255 255 255 255 255 255 255
255 255 255 255 255
255 255 255 255 255 255 255 255 255 255 255 255 255 255 255 255 255 255 255 255 255
255 255 255 255 255
255 255 255 255 255 255 255 255 255 255 255 255 255 255 85 165 0 0 0 255 255 255 255
10 165 0 85
85 81 105 80 8 129
CRC error #82
OK (00100010b) REQ
SRC:2 #82
255 255 255 255 255 255 255 255 255 255 255 255 255 255 255 255 255 255 255 255 255
255 255 255 255 255
255 255 255 255 255 255 255 255 255 255 255 255 255 255 255 255 255 255 255 255 255
255 255 255 255 255
255 255 255 255 255 255 255 255 255 255 255 255 255 255 82 34 0 0 0 255 255 255 255 10
34 0 16
37 16 128
CRC error #16
OK (00010010b)
SRC:18 #16
51 63 50 49 51 35 111 108 100 32 102 117 109 226 101 114
3 ? 2 1 3 # o l d f u m ・e r
CRC error #211OK (00000001b)
SRC:1 #211
255 255 255 255 255 255 255 255 255 255 255 255 255 255 255 255 255 255 255 255 255
255 255 255 255 255
255 255 255 255 255 255 255 255 255 255 255 255 255 255 255 255 255 255 255 255 255
255 255 255 255 255
255 255 255 255 255 255 255 255 255 255 255 255 255 255 211 1 0 0 0 255 255 255 255 10
1 0 90 33
136 0 19 147 1 91 95 32 8 192 0 0 80 64 19 26 70 24 38 56 242 146 130 167 72 238 0 80
134 209 156 12 5 240 108 128 234 79 255 33 160 23 61 130 0 48 98 18 48 129 64 116 152
9 68
60 1 16 17 157 0 223 192 67 223 30 63 71 5 0 64 6 10 1 83 241 71 11 0 68 4 11 0 89 1
0 0 232 3 0 0 0 0 0 0 197 0 196 0 192 0 193 0 194 0 198 0 1 0 0 37 41 0 0 0 0 0 0 0
0 0 0 0 0 0 0 0 0 0 0 0
CRC error #12
OK (00101001b) REQ
SRC:9 #12
17 104 17 110 194 193 118 60 0 35 66 50
h n
v <
CRC error #2
OK (10001110b)
ACK SRC:14 #2
162 148
CRC error #175
OK (10100001b) REQ ACK SRC:1 #175
255 255 255 255 255 255 255 255 255 255 255 255 255 255 255 255 255 255 255 255 255
255 255 255 255 255
255 255 255 255 255 255 255 255 255 255 255 255 255 255 255 255 255 255 255 255 255
255 255 255 255 255
255 255 255 255 255 255 255 255 255 255 255 255 255 255 175 161 0 0 0 255 255 255 255
10 161 0 45
7 25 92 134 141 197 26 240 227 68 16 83 202 128 30 134 98 142 80 35 190 128 159 188
192 55
208 133 62 52 113 65 66 2 209 11 71 99 39 72 131 87 4 211 32 7 18 150 210 52 222 130
228
64 135 225 72 170 63 176 195 36 3 254 192 137 160 63 71 5 0 64 6 10 1 34 55 174 11 0
36
104 11 0 89 1 0 0 232 3 0 0 0 0 0 0
CRC error #5
OK (10000000b)
ACK SRC:0 #5
140 64 15 132 2
CRC error #125
OK (00000000b)
SRC:0 #125
255 255 255 255 255 255 255 255 255 255 255 255 255 255 255 255 255 255 255 255 255
255 255 255 255 255
255 255 255 255 255 255 255 255 255 255 255 255 255 255 255 255 255 255 255 255 255
255 255 255 255 255
255 255 255 255 255 255 255 255 255 255 255 255 255 255 125 0 0 0 0 255 255 255 255 10
0 0 222 2
3 74 32 46 5 71 163 144 10 100 109 2 64 26 196 0 19 70 66 135 128 49 214 132 154 196
195
152 151 69 179 0 196 130 14 224 225 56 173 225 204 66 80 3 200
CRC error #16
OK (00010010b)
SRC:18 #16
35 54 57 50 52 35 98 114 101 97 107 32 116 105 109 101# 6 9 2 4 # b r e a k t i m e
CRC error #15
OK (00010001b)
SRC:17 #15
35 53 181 53 52 35 121 101 97 114 32 108 105 102 101
# 5 5 4 # y e a r l i f e
CRC error #16
OK (00001111b)
SRC:15 #16
35 50 48 56 53 35 108 105 118 101 32 39 111 114
CRC error #48
OK (00010001b)
SRC:17 #48
50 52 60 23 33 35 232 97 46 100 48 236 69 97 23
2 74 82 0 218 84 18 8 226 86 96 32 24 4 128 152
CRC error #16
OK (00010001b)
SRC:17 #16
35 18 52 121 54 99 124 40 105 108 103 32 112 97
# 4 y 6 c | ( i l g p a p t
44 100
119 30 176 72 18 97 144 79 64 72 50
82 16 93 32 176 232
112 116
CRC error #17
OK (00010001b)
SRC:17 #17
35 116 40 51 48 39 247 103 114 108 96 0 117 96 50 108 121
# t ( 3 0 ' ・g r l `
CRC error #144
OK (00010001b)
SRC:17 #144
255 255 255 255 255 255 255 255 255 255 255 255 255 255 255 255 255 255 255 255 255
255 255 255 255 255
255 255 255 255 255 255 255 255 255 255 255 255 255 255 255 255 255 255 255 255 255
255 255 255 255 255
255 255 255 255 255 255 255 255 255 255 255 255 255 255 144 17 0 0 0 255 255 255 255
10 17 0 35
52 50 56 56 35 121 101 97 114 0 99 122 101 97 105 4 172 167 159 165 73 243 233 0 5 75
47
48 143 97 74 69 88 64 88 145 40 26 194 9 132 67 1 27 214 118 66 174 36 147 160 128 5
112
12 137 202 37 38 8 66 58 66 118 16
CRC error #96
OK (10000010b)
ACK SRC:2 #96
255 255 255 255 255 255 255 255 255 255 255 255 255 255 255 255 255 255 255 255 255
255 255 255 255 255
255 255 255 255 255 255 255 255 255 255 255 255 255 255 255 255 255 255 255 255 255
255 255 255 255 255
255 255 255 255 255 255 255 255 255 255 255 255 255 255 96 130 0 0 0 255 255 255 255
10 130 0 244
39 211 224 72 186 204 167 182 204 247 227 6 110 214 226 148 175
CRC error #5
OK (10000011b)
ACK SRC:3 #5
82 56 200 19 8
CRC error #17
OK (00111111b) REQ
SRC:31 #17
200 29 137 30 166 242 63 0 107 124 1 80 226 101 236 0 195
CRC error #232
OK (00001111b)
SRC:15 #232255 255 255 255 255 255 255 255 255 255 255 255 255 255 255 255 255 255 255 255 255
255 255 255 255 255
255 255 255 255 255 255 255 255 255 255 255 255 255 255 255 255 255 255 255 255 255
255 255 255 255 255
255 255 255 255 255 255 255 255 255 255 255 255 255 255 232 15 0 0 0 255 255 255 255
10 15 0 95 96
33 138 2 72 6 64 144 132 88 152 82 3 0 2 164 176 192 42 170 170 170 139 74 128 67 136
204
140 205 206 72 217 153 89 91 8 29 92 217 83 125 126 82 252 9 18 196 16 112 194 68 6 56
160
8 224 100 34 32 132 72 1 246 141 44 40 63 71 5 0 64 6 10 1 41 99 81 13 0 125 1 13 0 89
1 0 0 232 3 0 0 0 0 0 0 197 0 196 0 192 0 193 0 194 0 198 0 1 0 0 58 62 0 0 0 0 0 0
0 0 0 0 0 0 0 0 0 0 0 0 0 0 0 0 0 0 0 0 0 0 0 0 0 0 0 0 0 0 0 0 0 0
CRC error #232
OK (00011101b)
SRC:29 #232
255 255 255 255 255 255 255 255 255 255 255 255 255 255 255 255 255 255 255 255 255
255 255 255 255 255
255 255 255 255 255 255 255 255 255 255 255 255 255 255 255 255 255 255 255 255 255
255 255 255 255 255
255 255 255 255 255 255 255 255 255 255 255 255 255 255 232 29 0 0 0 255 255 255 255
10 29 0 97
90 42 12 64 192 16 145 136 0 0 144 50 80 152 214 2 113 49 5 33 0 24 128 203 194 206 67
106
146 127 155 148 251 176 144 106 193 208 53 180 127 224 28 246 96 119 111 165 35 232 97
55 250 7
247 139 74 88 70 29 148 20 31 126 62 100 70 63 71 5 0 64 6 10 1 105 36 173 13 0 24 91
13 0 89 1 0 0 232 3 0 0 0 0 0 0 197 0 196 0 192 0 193 0 194 0 198 0 1 0 0 29 33 0 0
0 0 0 0 0 0 0 0 0 0 0 0 0 0 0 0 0 0 0 0 0 0 0 0 0 0 0 0 0 0 0 0 0 0 0 0 0 0
CRC error #15
OK (00001111b)
SRC:15 #15
35 182 55 52 48 35 98 50 47 109 32 106 117 239 112
# 7 4 0 # b 2 / m j u ・p
CRC error #192
OK (10100001b) REQ ACK SRC:1 #192
255 255 255 255 255 255 255 255 255 255 255 255 255 255 255 255 255 255 255 255 255
255 255 255 255 255
255 255 255 255 255 255 255 255 255 255 255 255 255 255 255 255 255 255 255 255 255
255 255 255 255 255
255 255 255 255 255 255 255 255 255 255 255 255 255 255 192 161 0 0 0 255 255 255 255
10 161 0 16
131 104 207 135 172 22 6 82 68 114 135 66 49 52 132 8 184 7 23 164 144 116 0 142 116
192 36
36 5 71 97 32 0 1 2 88 96 202 144 202 2 118 8 85 146 142 130 230 78 214 81 7 213 101
111
206 0 16 1 97 40 100 56 172 171 0 109 63 71 5 0 64 6 10 1 120 41 87 14 0 33 1 14 0 89
1 0 0 232 3 0 0 0 0 0 0 197 0 196 0 192 0 193 0 194 0 198 0 1 0 0 24 28
CRC error #16
OK (00010010b)
SRC:18 #16
35 55 55 50 48 35 108 101 97 118 97 32 108 111 118 101
# 7 7 2 0 # l e a v a l o v e
CRC error #15OK (00101000b) REQ
SRC:8 #15
9 41 176 83 40 34 49 26 135 131 10 75 24 65 164
CRC error #28
OK (00001111b)
SRC:15 #28
51 51 51 50 114 35 116 96 33 126 101 32 99 33 110 104 226 75 130 218 152 160 116 159 0
2
166 80
CRC error #165
OK (00101001b) REQ
SRC:9 #165
255 255 255 255 255 255 255 255 255 255 255 255 255 255 255 255 255 255 255 255 255
255 255 255 255 255
255 255 255 255 255 255 255 255 255 255 255 255 255 255 255 255 255 255 255 255 255
255 255 255 255 255
255 255 255 255 255 255 255 255 255 255 255 255 255 255 165 41 0 0 0 255 255 255 255
10 41 0 193
49 236 196 12 166 60 11 6 69 65 17 82 40 195 75 69 128 154 16 148 146 208 78 211 117
145 25
58 206 96 156 144 69 245 146 125 33 113 41 98 56 97 36 72 74 59 33 133 132 136 165 148
196
160 7 118 16 109 95 128 67 242 195 208 148 129 212 63 71 5 0 64 6 10 1 91 201 134 15 0
163
41 15 0 89 1
CRC error #120
OK (00000000b)
SRC:0 #120
255 255 255 255 255 255 255 255 255 255 255 255 255 255 255 255 255 255 255 255 255
255 255 255 255 255
255 255 255 255 255 255 255 255 255 255 255 255 255 255 255 255 255 255 255 255 255
255 255 255 255 255
255 255 255 255 255 255 255 255 255 255 255 255 255 255 120 0 0 0 0 255 255 255 255 10
0 0 72 0
204 64 190 1 80 65 75 96 70 82 202 41 160 214 66 28 32 215 108 180 100 169 76 138 32
66
2 121 4 67 18 118 4 50 83 64 10 169 203 74
CRC error #204
OK (00000111b)
SRC:7 #204
255 255 255 255 255 255 255 255 255 255 255 255 255 255 255 255 255 255 255 255 255
255 255 255 255 255
255 255 255 255 255 255 255 255 255 255 255 255 255 255 255 255 255 255 255 255 255
255 255 255 255 255
255 255 255 255 255 255 255 255 255 255 255 255 255 255 204 7 0 0 0 255 255 255 255 10
7 0 35 20
30 16 152 49 33 57 51 6 144 255 176 60 197 251 73 138 223 64 230 75 120 27 52 23 201
82
219 201 192 146 250 48 116 80 101 158 130 137 241 186 207 177 194 120 109 120 41 129
14 78 139 216
83 76 28 58 82 22 187 252 229 149 20 198 88 22 63 71 5 0 64 6 10 1 110 251 3 16 0 230
163 15 0 89 1 0 0 232 3 0 0 0 0 0 0 197 0 196 0 192 0 193 0 194 0 198 0 1 0 0 8 11 0 0
0 0 0 0 0 0 0 0 0 0
CRC error #143
OK (00001110b)
SRC:14 #143
255 255 255 255 255 255 255 255 255 255 255 255 255 255 255 255 255 255 255 255 255
255 255 255 255 255255 255 255 255 255 255 255 255 255 255 255 255 255 255 255 255 255 255 255 255 255
255 255 255 255 255
255 255 255 255 255 255 255 255 255 255 255 255 255 255 143 14 0 0 0 255 255 255 255
10 14 0 35 49
36 51 51 35 101 33 248 108 113 33 213 191 116 227 56 241 70 144 229 100 54 0 4 67 160
4 36
65 120 168 9 20 194 15 57 254 69 89 198 9 10 88 32 33 27 90 158 138 144 144 144 49 96
132
54 22 215 0 45 7 212 12 129
CRC error #9
OK (00001110b)
SRC:14 #9
35 55 55 51 48 35 114 97 102
# 7 7 3 0 # r a f
CRC error #41
OK (01000001b)
DST:1 #41
142 0 227 83 107 111 216 128 222 54 68 120 20 127 187 6 165 36 65 18 69 20 49 225 108
33
42 24 101 129 141 125 0 136 46 9 58 34 88 20 170
CRC error #196
OK (00010001b)
SRC:17 #196
255 255 255 255 255 255 255 255 255 255 255 255 255 255 255 255 255 255 255 255 255
255 255 255 255 255
255 255 255 255 255 255 255 255 255 255 255 255 255 255 255 255 255 255 255 255 255
255 255 255 255 255
255 255 255 255 255 255 255 255 255 255 255 255 255 255 196 17 0 0 0 255 255 255 255
10 17 0 206
88 3 192 30 190 82 0 84 52 23 0 198 52 57 108 205 64 9 99 197 4 2 66 39 25 169 65 152
88 25 10 226 200 4 208 90 10 247 24 220 89 0 154 69 37 52 2 77 222 171 77 140 63 8 76
192
129 225 94 154 192 201 123 50 79 242 242 100 130 5 5 64 6 10 1 76 68 4 17 0 45 158 16
0
89 1 0 0 232 3 0 0 0 0 0 0 197 0 196 0 192 0 193 0 194 0 198 0 1 0 0 49 53 0 0 0 0
CRC error #0
OK (00111001b) REQ
SRC:25 #0
CRC error #14
OK (00010010b)
SRC:18 #14
35 55 55 52 50 35 101 121 101 32 108 105 118 101
# 7 7 4 2 # e y e l i v e
CRC error #82
OK (00011010b)
SRC:26 #82
255 255 255 255 255 255 255 255 255 255 255 255 255 255 255 255 255 255 255 255 255
255 255 255 255 255
255 255 255 255 255 255 255 255 255 255 255 255 255 255 255 255 255 255 255 255 255
255 255 255 255 255
255 255 255 255 255 255 255 255 255 255 255 255 255 255 82 26 0 0 0 255 255 255 255 10
26 0 23
100 0 117
CRC error #97
OK (00001000b)
SRC:8 #97
255 255 255 255 255 255 255 255 255 255 255 255 255 255 255 255 255 255 255 255 255
255 255 255 255 255255 255 255 255 255 255 255 255 255 255 255 255 255 255 255 255 255 255 255 255 255
255 255 255 255 255
255 255 255 255 255 255 255 255 255 255 255 255 255 255 97 8 0 0 0 255 255 255 255 10
8 0 128 68
220 2 36 0 2 188 144 196 158 136 36 36 0 56 33 128 164
CRC error #65
OK (00011011b)
SRC:27 #65
204 0 248 64 50 128 68 64 140 32 38 185 1 38 72 192 35 168 192 146 65 5 65 1 129 24 66
175 176 67 242 129 160 161 0 155 164 135 160 7 161 34 35 97 32 65 185 66 220 208 25
156 132
84 229 224 17 92 4 80 33 1 228 1 37
CRC error #2
OK (10001010b)
ACK SRC:10 #2
138 84
CRC error #74
OK (00100000b) REQ
SRC:0 #74
255 255 255 255 255 255 255 255 255 255 255 255 255 255 255 255 255 255 255 255 255
255 255 255 255 255
255 255 255 255 255 255 255 255 255 255 255 255 255 255 255 255 255 255 255 255 255
255 255 255 255 255
255 255 255 255 255 255 255 255 255 255 255 255 255 255 74 32 0 0 0 255 255 255
CRC error #145
OK (00000000b)
SRC:0 #145
255 255 255 255 255 255 255 255 255 255 255 255 255 255 255 255 255 255 255 255 255
255 255 255 255 255
255 255 255 255 255 255 255 255 255 255 255 255 255 255 255 255 255 255 255 255 255
255 255 255 255 255
255 255 255 255 255 255 255 255 255 255 255 255 255 255 145 0 0 0 0 255 255 255 255 10
0 0 0 143
56 100 24 130 193 0 45 32 134 161 61 24 11 35 96 74 54 72 161 50 208 88 116 4 4 33 4
2 32 73 68 129 56 17 8 68 0 196 231 192 64 8 25 67 129 49 104 75 120 10 2 40 33 172 9
200 5 138 24 88 89 28 17 144 136
CRC error #24
OK (10000011b)
ACK SRC:3 #24
73 9 33 32 1 82 108 2 3 74 32 23 128 66 61 103 96 65 145 169 141 138 2 72
CRC error #17
OK (00010010b)
SRC:18 #17
35 56 52 55 54 35 108 101 97 118 101 32 115 116 97 114 116
# 8 4 7 6 # l e a v e s t a r t
CRC error #47
OK (00001010b)
SRC:10 #47
35 60 56 49 49 33 102 122 111 109 32 58 117 109 112 245 121 144 64 97 230 80 32 214
168 48
88 61 130 121 250 248 8 131 202 8 152 168 99 67 66 40 0 226 131 158 81
CRC error #72
OK (00001000b)
SRC:8 #72
255 255 255 255 255 255 255 255 255 255 255 255 255 255 255 255 255 255 255 255 255
255 255 255 255 255
255 255 255 255 255 255 255 255 255 255 255 255 255 255 255 255 255 255 255 255 255
255 255 255 255 255
255 255 255 255 255 255 255 255 255 255 255 255 255 255 72 8 0 0 0 255
CRC error #15OK (00001110b)
SRC:14 #15
35 118 54 52 53 3 103 97 121 224 124 109 161 118 101
# v 6 4 5 g a y ・| m 。 v e
CRC error #17
OK (00001111b)
SRC:15 #17
35 51 49 49 48 35 116 104 105 110 103 32 119 111 114 108 100
# 3 1 1 0 # t h i n g w o r l d
CRC error #74
OK (00011000b)
SRC:24 #74
255 255 255 255 255 255 255 255 255 255 255 255 255 255 255 255
255 255 255 255 255
255 255 255 255 255 255 255 255 255 255 255 255 255 255 255 255
255 255 255 255 255
255 255 255 255 255 255 255 255 255 255 255 255 255 255 74 24 0
CRC error #14
OK (00001110b)
SRC:14 #14
33 184 62 34 118 33 116 120 121 32 108 253 77 112
CRC error #15
OK (00001111b)
SRC:15 #15
227 54 48 52 182 35 227 97 252 36 32 163 161 63 178
・6 0 4 # ・a ・$ 」 。 ? イ
CRC error #14
OK (00001101b)
SRC:13 #14
35 52 54 52 185 35 228 97 125 32 102 69 101 76
# 4 6 4 # ・a } f E e L
CRC error #88
OK (00011101b)
SRC:29 #88
255 255 255 255 255 255 255 255 255 255 255 255 255 255 255 255
255 255 255 255 255
255 255 255 255 255 255 255 255 255 255 255 255 255 255 255 255
255 255 255 255 255
255 255 255 255 255 255 255 255 255 255 255 255 255 255 88 29 0
29 0 65
17 43 192 87 68 169 215 98 75
CRC error #82
OK (00010111b)
SRC:23 #82
255 255 255 255 255 255 255 255 255 255 255 255 255 255 255 255
255 255 255 255 255
255 255 255 255 255 255 255 255 255 255 255 255 255 255 255 255
255 255 255 255 255
255 255 255 255 255 255 255 255 255 255 255 255 255 255 82 23 0
23 0 139
6 51 54
CRC error #90
OK (01100001b) REQ
DST:1 #90
255 255 255 255 255 255 255 255 255 255 255 255 255 255 255 255
255 255 255 255 255
255 255 255 255 255 255 255 255 255 255 255 255 255 255 255 255
255 255 255 255 255
255 255 255 255 255 255 255 255 255 255 255 255 255 255 90 97 0
97 0 78
8 107 88 236 13 50 102 107 83 148 117
255 255 255 255 255
255 255 255 255 255
0 0 255 255 255
255 255 255 255 255
255 255 255 255 255
0 0 255 255 255 255 10
255 255 255 255 255
255 255 255 255 255
0 0 255 255 255 255 10
255 255 255 255 255
255 255 255 255 255
0 0 255 255 255 255 10CRC error #128
OK (00001111b)
SRC:15 #128
255 255 255 255 255 255 255 255 255 255 255 255 255 255 255 255 255 255 255 255 255
255 255 255 255 255
255 255 255 255 255 255 255 255 255 255 255 255 255 255 255 255 255 255 255 255 255
255 255 255 255 255
255 255 255 255 255 255 255 255 255 255 255 255 255 255 128 15 0 0 0 255 255 255 255
10 15 0 115 54
121 51 177 35 108 241 118 101 48 122 111 105 110 117 129 229 254 252 207 253 218 239
181 255 158 92
49 253 124 127 63 231 190 153 255 127 179 223 253 107 110 191 206 144 183 219 253 236
CRC error #67
OK (00111111b) REQ
SRC:31 #67
255 255 255 255 255 255 255 255 255 255 255 255 255 255 255 255 255 255 255 255 255
255 255 255 255 255
255 255 255 255 255 255 255 255 255 255 255 255 255 255 255 255 255 255 255 255 255
255 255 255 255 255
255 255 255 255 255 255 255 255 255 255 255 255 255 255 67
CRC error #208
OK (10000011b)
ACK SRC:3 #208
255 255 255 255 255 255 255 255 255 255 255 255 255 255 255 255 255 255 255 255 255
255 255 255 255 255
255 255 255 255 255 255 255 255 255 255 255 255 255 255 255 255 255 255 255 255 255
255 255 255 255 255
255 255 255 255 255 255 255 255 255 255 255 255 255 255 208 131 0 0 0 255 255 255 255
10 131 0 16
93 16 11 41 248 208 66 12 16 174 16 159 145 128 78 226 208 111 66 13 146 14 198 203 64
200 2
76 31 88 168 69 109 105 45 9 186 17 0 34 19 248 68 122 88 64 192 102 18 136 32 53 172
108 37 65 48 101 164 247 0 160 164 65 160 1 96 63 71 5 0 64 6 10 1 11 89 74 25 0 157
178
24 0 89 1 0 0 232 3 0 0 0 0 0 0 197 0 196 0 192 0 193 0 194 0 198 0 1 0 0 9 12 0 0 0
0 0 0 0 0 0 0 0 0 0 0 0 0
CRC error #24
OK (00000101b)
SRC:5 #24
35 55 21 38 32 35 116 169 108 229 32 115 116 97 114 116 129 147 157 91 54 196 189 89
# 7 & # t ゥ l ・ s t a r t ・? ・[ 6 ト Y
CRC error #15
OK (00001001b)
SRC:9 #15
35 52 48 57 51 131 102 114 111 111 32 104 225 78 108
# 4 0 9 3 ? f r o o h ・N l
CRC error #1
OK (00010101b)
SRC:21 #1
43
CRC error #95
OK (00010001b)
SRC:17 #95
255 255 255 255 255 255 255 255 255 255 255 255 255 255 255 255 255 255 255 255 255
255 255 255 255 255
255 255 255 255 255 255 255 255 255 255 255 255 255 255 255 255 255 255 255 255 255
255 255 255 255 255
255 255 255 255 255 255 255 255 255 255 255 255 255 255 95 17 0 0 0 255 255 255 255 10
17 0 3317 59 48 25 35 110 41 198 117 160 104 53 45 112 3 136
CRC error #67
OK (00101111b) REQ
SRC:15 #67
255 255 255 255 255 255 255 255 255 255 255 255 255 255 255 255 255 255 255 255 255
255 255 255 255 255
255 255 255 255 255 255 255 255 255 255 255 255 255 255 255 255 255 255 255 255 255
255 255 255 255 255
255 255 255 255 255 255 255 255 255 255 255 255 255 255 67
CRC error #147
OK (00000010b)
SRC:2 #147
255 255 255 255 255 255 255 255 255 255 255 255 255 255 255 255 255 255 255 255 255
255 255 255 255 255
255 255 255 255 255 255 255 255 255 255 255 255 255 255 255 255 255 255 255 255 255
255 255 255 255 255
255 255 255 255 255 255 255 255 255 255 255 255 255 255 147 2 0 0 0 255 255 255 255 10
2 0 19 96
124 69 73 3 236 45 105 97 152 0 9 96 8 140 180 137 5 161 129 45 3 79 205 43 15 0 17 74
216 208 168 194 212 164 196 61 132 30 156 108 149 74 170 170 170 162 210 160 65 2 51
99 99 3
18 55 6 246 150 231 66 6 54 22 198 203 63
CRC error #6
OK (00010001b)
SRC:17 #6
167 34 21 178 100 9
CRC error #7
OK (00001111b)
SRC:15 #7
1 54 51 51 53 32 189
CRC error #19
OK (00010001b)
SRC:17 #19
99 49 49 48 56 35 240 108 97 99 101 32 240 111 73 78 116 169 5
c 1 1 0 8 # ・l a c e ・o I N t ゥ
CRC error #1
OK (00001111b)
SRC:15 #1
35
CRC error #14
OK (00010010b)
SRC:18 #14
35 57 51 52 52 35 57 101 97 98 32 237 108 100
# 9 3 4 4 # 9 e a b ・l d
CRC error #17
OK (00010010b)
SRC:18 #17
47 182 48 53 17 163 236 101 97 118 37 32 112 239 105 110 116
CRC error #42
OK (10101000b) REQ ACK SRC:8 #42
113 201 101 226 200 104 79 66 115 136 166 88 206 114 232 153 81 165 112 226 44 48 37
32 9 40
17 168 197 8 153 49 49 40 153 69 130 213 90 206 112 40
CRC error #144
OK (00001111b)
SRC:15 #144
255 255 255 255 255 255 255 255 255 255 255 255 255 255 255 255 255 255 255 255 255
255 255 255 255 255
255 255 255 255 255 255 255 255 255 255 255 255 255 255 255 255 255 255 255 255 255
255 255 255 255 255255 255 255 255 255 255 255 255 255 255 255 255 255 255 144 15 0 0 0 255 255 255 255
10 15 0 51 55
87 118 56 98 119 111 50 108 102 34 114 65 110 105 127 108 133 246 204 49 73 88 25 64
73 180
33 9 189 161 170 204 40 75 66 25 0 97 73 43 65 44 126 80 4 75 94 97 136 108 72 91 18
74 60 107 5 1 40 74 29 224 89 9
CRC error #98
OK (00010100b)
SRC:20 #98
255 255 255 255 255 255 255 255 255 255 255 255 255 255 255 255 255 255 255 255 255
255 255 255 255 255
255 255 255 255 255 255 255 255 255 255 255 255 255 255 255 255 255 255 255 255 255
255 255 255 255 255
255 255 255 255 255 255 255 255 255 255 255 255 255 255 98 20 0 0 0 255 255 255 255 10
20 0 148
33 16 3 155 8 32 13 201 139 25 65 200 48 99 100 77 138 1 48
CRC error #166
OK (00000011b)
SRC:3 #166
255 255 255 255 255 255 255 255 255 255 255 255 255 255 255 255 255 255 255 255 255
255 255 255 255 255
255 255 255 255 255 255 255 255 255 255 255 255 255 255 255 255 255 255 255 255 255
255 255 255 255 255
255 255 255 255 255 255 255 255 255 255 255 255 255 255 166 3 0 0 0 255 255 255 255 10
3 0 125 206
8 27 82 131 86 214 215 204 176 168 148 108 16 134 214 177 250 180 215 95 206 152 102
20 109 128
4 148 61 148 84 86 224 144 216 64 34 152 57 84 86 72 133 160 7 203 80 52 226 99 32 112
50 2 4 19 192 113 235 128 69 64 104 32 0 169 63 71 5 0 64 6 10 1 9 3 28 29 0 93 109
28 0 89 1 0
CRC error #169
OK (00000001b)
SRC:1 #169
255 255 255 255 255 255 255 255 255 255 255 255 255 255 255 255 255 255 255 255 255
255 255 255 255 255
255 255 255 255 255 255 255 255 255 255 255 255 255 255 255 255 255 255 255 255 255
255 255 255 255 255
255 255 255 255 255 255 255 255 255 255 255 255 255 255 169 1 0 0 0 255 255 255 255 10
1 0 136 71
9 229 4 76 36 129 52 80 51 164 64 17 158 192 97 47 163 5 33 128 52 212 131 128 181 36
147
44 110 242 124 52 8 128 20 144 40 52 194 48 128 224 201 134 200 72 136 168 37 16 137
103 241
65 7 4 14 16 5 64 224 65 54 1 1 16 63 71 5 0 64 6 10 1 36 140 110 29 0 247 189 28 0
89 1 0 0 232 3
CRC error #140
OK (10011001b)
ACK SRC:25 #140
255 255 255 255 255 255 255 255 255 255 255 255 255 255 255 255 255 255 255 255 255
255 255 255 255 255
255 255 255 255 255 255 255 255 255 255 255 255 255 255 255 255 255 255 255 255 255
255 255 255 255 255
255 255 255 255 255 255 255 255 255 255 255 255 255 255 140 153 0 0 0 255 255 255 255
10 153 0 11 72
24 41 8 72 113 9 43 117 105 9 192 177 75 73 106 67 237 34 201 107 123 77 104 3 204 75
204101 248 5 38 148 237 168 224 165 154 140 0 231 99 216 115 20 128 230 212 4 156 79 20
134 10 201
62 104 113 214 101 11
CRC error #198
OK (00001000b)
SRC:8 #198
255 255 255 255 255 255 255 255 255 255 255 255 255 255 255 255 255 255 255 255 255
255 255 255 255 255
255 255 255 255 255 255 255 255 255 255 255 255 255 255 255 255 255 255 255 255 255
255 255 255 255 255
255 255 255 255 255 255 255 255 255 255 255 255 255 255 198 8 0 0 0 255 255 255 255 10
8 0 38 13
162 172 21 47 208 36 154 128 69 64 169 1 241 161 132 130 36 44 250 2 52 162 6 101 34
148 105
0 18 240 211 226 3 147 48 5 65 144 199 48 84 8 119 130 57 126 30 70 243 182 36 240 90
112
178 140 192 134 98 42 117 144 16 49 118 78 63 71 5 0 64 6 10 1 1 171 195 29 0 23 17 29
0 89 1 0 0 232 3 0 0 0 0 0 0 197 0 196 0 192 0 193 0 194 0 198 0 1 0 0 62 2 0 0 0 0
0 0
CRC error #19
OK (00001111b)
SRC:15 #19
35 57 52 53 56 35 112 101 114 115 111 126 96 112 103 114 115 111 110
# 9 4 5 8 # p e r s o ~ ` p g r s o n
CRC error #7
OK (00000000b)
SRC:0 #7
17 1 120 73 64 16 138
CRC error #17
OK (00010010b)
SRC:18 #17
33 57 54 49 112 35 112 109 105 110 116 160 102 112 103 255 232
CRC error #137
OK (00011110b)
SRC:30 #137
255 255 255 255 255 255 255 255 255 255 255 255 255 255 255 255 255 255 255 255 255
255 255 255 255 255
255 255 255 255 255 255 255 255 255 255 255 255 255 255 255 255 255 255 255 255 255
255 255 255 255 255
255 255 255 255 255 255 255 255 255 255 255 255 255 255 137 30 0 0 0 255 255 255 255
10 30 0 3 51
176 18 57 34 79 77 100 32 119 98 113 208 101 193 0 164 241 42 224 85 48 161 37 205 5
139
141 129 97 75 66 132 74 27 82 162 129 87 76 209 128 148 132 204 77 245 37 38 60 65 20
45
137 120 103 97 250
CRC error #16
OK (00010010b)
SRC:18 #16
35 53 182 54 56 99 104 225 47 100 32 108 97 114 103 101
# 5 6 8 c h ・/ d l a r g e
CRC error #15
OK (00001101b)
SRC:13 #15
163 48 53 184 57 35 116 114 121 176 117 83 109 100 135
」 0 5 9 # t r y ー u S m d ?
CRC error #15
OK (00110010b) REQ
SRC:18 #15
1 51 62 153 49 39 44 45 119 101 48 99 253 109 1133 > ? 1 ' , - w e 0 c
m q
CRC error #116
OK (00001010b)
SRC:10 #116
255 255 255 255 255 255 255 255 255 255 255 255 255 255 255 255 255 255 255 255 255
255 255 255 255 255
255 255 255 255 255 255 255 255 255 255 255 255 255 255 255 255 255 255 255 255 255
255 255 255 255 255
255 255 255 255 255 255 255 255 255 255 255 255 255 255 116 10 0 0 0 255 255 255 255
10 10 0 114 252
202 19 75 131 3 226 0 1 176 7 11 64 81 194 150 19 70 198 209 193 150 5 168 128 38 128
19 86
131 22 182 130 124 136 143 41
CRC error #9
OK (00000000b)
SRC:0 #9
160 218 64 70 64 196 154 212 124
CRC error #16
OK (00010010b)
SRC:18 #16
3 25 48 54 50 35 49 100 97 114 116 32 108 105 102 69
0 6 2 # 1 d a r t l i f E
CRC error #172
OK (00001001b)
SRC:9 #172
255 255 255 255 255 255 255 255 255 255 255 255 255 255 255 255 255 255 255 255 255
255 255 255 255 255
255 255 255 255 255 255 255 255 255 255 255 255 255 255 255 255 255 255 255 255 255
255 255 255 255 255
255 255 255 255 255 255 255 255 255 255 255 255 255 255 172 9 0 0 0 255 255 255 255 10
9 0 99 109
205 120 45 13 190 132 175 72 38 19 66 13 209 102 88 25 2 2 168 28 96 8 80 74 2 25 4
134
0 95 216 209 184 232 6 18 75 10 14 200 130 171 110 48 178 5 238 181 43 229 33 46 2 98
130 83
16 212 1 176 98 204 177 169 219 74 63 71 5 0 64 6 10 1 60 149 162 31 0 200 228 30 0 89
1 0 0 232 3 0 0 0
CRC error #224
OK (10110011b) REQ ACK SRC:19 #224
255 255 255 255 255 255 255 255 255 255 255 255 255 255 255 255 255 255 255 255 255
255 255 255 255 255
255 255 255 255 255 255 255 255 255 255 255 255 255 255 255 255 255 255 255 255 255
255 255 255 255 255
255 255 255 255 255 255 255 255 255 255 255 255 255 255 224 179 0 0 0 255 255 255 255
10 179 0 92
1 45 226 200 123 49 73 77 114 161 136 113 11 105 236 6 141 229 65 249 12 73 205 0 57
164 129
0 176 226 143 213 156 144 16 236 33 228 18 145 16 212 22 228 171 69 97 164 64 7 42 85
192
173 168 105 164 108 9 192 48 101 13 42 61 236 132 63 71 5 0 64 6 10 1 89 116 7 32 0 74
71
31 0 89 1 0 0 232 3 0 0 0 0 0 0 197 0 196 0 192 0 193 0 194 0 198 0 1 0 0 40 44 0 0
0 0 0 0 0 0 0 0 0 0 0 0 0 0 0 0 0 0 0 0 0 0 0 0 0 0 0 0 0 0
